frame00000.jpg 0.008305099 -0.011894409 -0.077883774  -0.011997562 -0.059363523 -0.051072151  0.012532935 -0.569644839 0.821795402 -0.999921460 -0.007139883 0.010300318 -0.000000000 -0.821859951 -0.569689582  0.000011065 -0.000002560 -0.000000575 -0.000000306 0.000050004 -0.000085888 -0.000002560 0.000048928 0.000024365 -0.000008159 0.000038078 -0.000069549 -0.000000575 0.000024365 0.000030263 0.000010189 0.000024981 -0.000038079 -0.000000306 -0.000008159 0.000010189 0.000993728 -0.000000000 -0.000000000 0.000050004 0.000038078 0.000024981 -0.000000000 0.002082219 -0.003173947 -0.000085888 -0.000069549 -0.000038079 -0.000000000 -0.003173947 0.005797276 
frame00001.jpg 0.009449789 -0.000546142 -0.097016061  -0.000606338 -0.075056651 -0.062191996  0.006371292 -0.560396486 0.828199967 -0.999979703 -0.003570522 0.005276811 -0.000000000 -0.828216777 -0.560407861  0.000010126 -0.000003697 -0.000001202 0.000000421 -0.000022977 0.000040367 -0.000003697 0.000049031 0.000023915 0.000002147 0.000001924 -0.000003507 -0.000001202 0.000023915 0.000029427 -0.000005671 0.000001261 -0.000001924 0.000000421 0.000002147 -0.000005671 0.000981832 -0.000000000 0.000000000 -0.000022977 0.000001924 0.000001261 -0.000000000 0.002081753 -0.003177209 0.000040367 -0.000003507 -0.000001924 0.000000000 -0.003177209 0.005793025 
frame00002.jpg 0.004469266 0.006062548 -0.107585107  0.006051161 -0.084803842 -0.066354923  0.002543522 -0.582894013 0.812544215 -0.999996765 -0.001482609 0.002066731 -0.000000000 -0.812546843 -0.582895898  0.000011931 -0.000002900 -0.000000871 0.000000131 -0.000062505 0.000110157 -0.000002900 0.000047956 0.000024464 0.000006693 -0.000019190 0.000035112 -0.000000871 0.000024464 0.000031088 -0.000015070 -0.000012587 0.000019190 0.000000131 0.000006693 -0.000015070 0.000991151 0.000000000 0.000000000 -0.000062505 -0.000019190 -0.000012587 0.000000000 0.002080054 -0.003171183 0.000110157 0.000035112 0.000019190 0.000000000 -0.003171183 0.005802250 
frame00003.jpg 0.010086783 0.000219230 -0.091034108  0.000000000 -0.069442287 -0.059722432  0.021729265 -0.564435020 0.825191461 -0.999763892 -0.012267655 0.017935039 -0.000000000 -0.825386342 -0.564568319  0.000010057 -0.000004019 -0.000001261 0.000000445 -0.000000000 -0.000000000 -0.000004019 0.000049683 0.000024405 -0.000000459 -0.000000003 0.000000008 -0.000001261 0.000024405 0.000029810 -0.000000231 -0.000000001 0.000000004 0.000000445 -0.000000459 -0.000000231 0.000991359 -0.000000000 -0.000000000 -0.000000000 -0.000000003 -0.000000001 -0.000000000 0.002083877 -0.003174447 -0.000000000 0.000000008 0.000000004 -0.000000000 -0.003174447 0.005795800 
frame00004.jpg -0.000239013 0.009586614 -0.116510236  0.009588700 -0.096131643 -0.065828258  0.011278466 -0.565889896 0.824403676 -0.999936396 -0.006382776 0.009298600 -0.000000000 -0.824456115 -0.565925892  0.000015316 -0.000002093 -0.000000205 0.000000226 -0.000097374 0.000174123 -0.000002093 0.000049916 0.000024638 0.000005354 -0.000030403 0.000055601 -0.000000205 0.000024638 0.000031750 -0.000026855 -0.000020030 0.000030402 0.000000226 0.000005354 -0.000026855 0.000999496 -0.000000000 -0.000000000 -0.000097374 -0.000030403 -0.000020030 -0.000000000 0.002088782 -0.003170645 0.000174123 0.000055601 0.000030402 -0.000000000 -0.003170645 0.005798708 
frame00005.jpg 0.002193290 0.009508943 -0.108141194  0.009470261 -0.087036738 -0.064223585  0.017009348 -0.576004905 0.817269253 -0.999855331 -0.009798885 0.013903228 -0.000000000 -0.817387504 -0.576088247  0.000012450 -0.000002827 -0.000000701 0.000000520 -0.000065182 0.000116329 -0.000002827 0.000049840 0.000025003 0.000004221 -0.000030039 0.000054927 -0.000000701 0.000025003 0.000031042 -0.000017396 -0.000019718 0.000030038 0.000000520 0.000004221 -0.000017396 0.000994299 -0.000000000 0.000000000 -0.000065182 -0.000030039 -0.000019718 -0.000000000 0.002082097 -0.003171959 0.000116329 0.000054927 0.000030038 0.000000000 -0.003171959 0.005800113 
frame00006.jpg 0.006229408 -0.010304518 -0.083063126  -0.010362164 -0.063779258 -0.053565879  0.009325683 -0.584972654 0.810999399 -0.999956515 -0.005455507 0.007563452 -0.000000000 -0.811034667 -0.584998093  0.000010558 -0.000003214 -0.000000940 -0.000000711 0.000030756 -0.000052379 -0.000003214 0.000048936 0.000024993 -0.000005955 0.000032864 -0.000060133 -0.000000940 0.000024993 0.000031356 0.000005633 0.000021545 -0.000032862 -0.000000711 -0.000005955 0.000005633 0.000998402 0.000000000 -0.000000000 0.000030756 0.000032864 0.000021545 0.000000000 0.002079071 -0.003171200 -0.000052379 -0.000060133 -0.000032862 -0.000000000 -0.003171200 0.005802734 
frame00007.jpg 0.008671955 -0.008894687 -0.077133932  -0.009023574 -0.058820379 -0.050623117  0.014977567 -0.564908791 0.825017412 -0.999887830 -0.008461908 0.012358139 -0.000000000 -0.825109965 -0.564972164  0.000011303 -0.000002975 -0.000000850 -0.000000199 0.000052670 -0.000090446 -0.000002975 0.000049560 0.000024271 -0.000007966 0.000028666 -0.000052293 -0.000000850 0.000024271 0.000029927 0.000010922 0.000018780 -0.000028662 -0.000000199 -0.000007966 0.000010922 0.000984036 -0.000000000 0.000000000 0.000052670 0.000028666 0.000018780 -0.000000000 0.002081049 -0.003176254 -0.000090446 -0.000052293 -0.000028662 0.000000000 -0.003176254 0.005794652 
frame00008.jpg -0.118830350 0.282377490 -0.069285299  0.269962921 -0.148958036 0.059913909  -0.093960162 -0.672909643 0.733732990 -0.995575958 0.063507660 -0.069248027 -0.000000000 -0.736993480 -0.675899852  0.000045960 0.000050373 0.000009751 0.000003472 0.000047322 0.000134627 0.000050373 0.000785547 0.000457459 -0.000381775 -0.000785108 0.001638321 0.000009751 0.000457459 0.000398255 -0.000252738 -0.000628593 0.000785107 0.000003472 -0.000381775 -0.000252738 0.003188538 0.000000000 -0.000000000 0.000047322 -0.000785108 -0.000628593 0.000000000 0.002328437 -0.002908198 0.000134627 0.001638321 0.000785107 -0.000000000 -0.002908198 0.006068681 
frame00009.jpg -0.490171941 0.428104170 0.643579188  0.313545347 0.364228375 0.778949864  -0.213562259 -0.387904685 0.896616483 -0.976929456 0.084798140 -0.196005393 0.000000000 -0.917790407 -0.397065195  0.004929042 -0.001618489 -0.000995627 0.000003765 0.003187489 -0.005173005 -0.001618489 0.001368536 -0.000031765 -0.000857238 -0.001000460 0.001805331 -0.000995627 -0.000031765 0.000435978 0.000454651 -0.000674346 0.001000458 0.000003765 -0.000857238 0.000454651 0.001038494 -0.000000000 0.000000000 0.003187489 -0.001000460 -0.000674346 -0.000000000 0.002150707 -0.003190786 -0.005173005 0.001805331 0.001000458 0.000000000 -0.003190786 0.005757779 
frame00010.jpg -0.530186859 0.589986180 0.761095931  0.449158275 0.457614719 0.892913449  -0.234571346 -0.367332761 0.900023848 -0.972098906 0.088638861 -0.217179347 0.000000000 -0.925856250 -0.377875912  0.006771916 -0.002722238 -0.001666745 0.000005892 0.003727690 -0.006079885 -0.002722238 0.002135205 0.000184281 -0.000927395 -0.001437391 0.002583259 -0.001666745 0.000184281 0.000737653 0.000526617 -0.000962317 0.001437391 0.000005892 -0.000927395 0.000526617 0.000989813 -0.000000000 0.000000000 0.003727690 -0.001437391 -0.000962317 -0.000000000 0.002142489 -0.003200187 -0.006079885 0.002583259 0.001437391 0.000000000 -0.003200187 0.005751327 
frame00011.jpg -0.522244991 0.577324170 0.790090838  0.451480533 0.461968155 0.901685818  -0.215091920 -0.399060705 0.891339453 -0.976593808 0.087891949 -0.196314898 0.000000000 -0.912702339 -0.408625061  0.006890678 -0.002756668 -0.001694007 0.000005303 0.003767123 -0.006122972 -0.002756668 0.002229982 0.000143279 -0.001005065 -0.001437283 0.002601723 -0.001694007 0.000143279 0.000771509 0.000568753 -0.000974605 0.001437282 0.000005303 -0.001005065 0.000568753 0.001061394 -0.000000000 -0.000000000 0.003767123 -0.001437283 -0.000974605 -0.000000000 0.002158688 -0.003183491 -0.006122972 0.002601723 0.001437282 -0.000000000 -0.003183491 0.005762656 
frame00012.jpg -0.523458627 0.584677190 0.786835363  0.461684038 0.415131174 0.921672499  -0.210045218 -0.441827215 0.872163814 -0.977691673 0.094921227 -0.187373835 0.000000000 -0.892064276 -0.451908539  0.006455366 -0.002723870 -0.001673740 0.000005613 0.003640488 -0.005915690 -0.002723870 0.002375179 0.000186327 -0.001076445 -0.001467101 0.002664984 -0.001673740 0.000186327 0.000751636 0.000543941 -0.000988226 0.001467100 0.000005613 -0.001076445 0.000543941 0.001112332 -0.000000000 0.000000000 0.003640488 -0.001467101 -0.000988226 -0.000000000 0.002140480 -0.003177711 -0.005915690 0.002664984 0.001467100 0.000000000 -0.003177711 0.005772301 
frame00013.jpg -0.520422973 0.544550506 0.845393037  0.433142369 0.643328330 0.824973369  -0.194159917 -0.269768330 0.943147377 -0.980969891 0.053394296 -0.186673840 0.000000000 -0.961443757 -0.275001641  0.008706346 -0.002991783 -0.001828051 0.000005698 0.004240022 -0.006929690 -0.002991783 0.001979267 -0.000018076 -0.000903818 -0.001390970 0.002484610 -0.001828051 -0.000018076 0.000970106 0.000746410 -0.000955233 0.001390968 0.000005698 -0.000903818 0.000746410 0.001040737 0.000000000 0.000000000 0.004240022 -0.001390970 -0.000955233 0.000000000 0.002205355 -0.003211343 -0.006929690 0.002484610 0.001390968 0.000000000 -0.003211343 0.005736243 
frame00014.jpg -0.957348492 -0.067606255 0.983739807  -0.008088304 0.600011257 1.236427038  0.062033571 -0.338453381 0.938936177 -0.998074063 -0.021035986 0.058357957 0.000000000 -0.940747998 -0.339106478  0.011781898 0.000058720 0.000037303 -0.000000450 0.004948973 -0.007999131 0.000058720 0.001770259 -0.000819273 -0.001274448 0.000025916 -0.000046466 0.000037303 -0.000819273 0.000485965 0.000675292 0.000017498 -0.000025916 -0.000000450 -0.001274448 0.000675292 0.000998954 -0.000000000 0.000000000 0.004948973 0.000025916 0.000017498 -0.000000000 0.002163340 -0.003204046 -0.007999131 -0.000046466 -0.000025916 0.000000000 -0.003204046 0.005745292 
frame00015.jpg -3.163612234 -1.110085373 -1.219481589  -1.607336357 -3.169824748 0.310721986  -0.161801840 -0.870415997 0.464968985 -0.986823269 0.142715433 -0.076237397 -0.000000000 -0.471177565 -0.882038379  0.050799869 -0.027894688 -0.014436888 -0.000020385 -0.009013523 0.017431784 -0.027894688 0.015815626 0.009092306 -0.000309576 0.005054237 -0.009641085 -0.014436888 0.009092306 0.012456147 -0.002347712 0.003191593 -0.005054237 -0.000020385 -0.000309576 -0.002347712 0.000757943 0.000000000 0.000000000 -0.009013523 0.005054237 0.003191593 0.000000000 0.001985643 -0.003144481 0.017431784 -0.009641085 -0.005054237 0.000000000 -0.003144481 0.005998176 
frame00016.jpg -0.057148953 -0.585129669 -0.021846481  -0.586935824 0.019596677 -0.035246416  -0.154429582 -0.871337815 0.465748771 -0.988003798 0.136194147 -0.072798696 -0.000000000 -0.471403826 -0.881917475  0.000085740 0.000355503 0.000187570 -0.000007321 0.000328691 -0.000610811 0.000355503 0.002095293 0.001106254 -0.000017360 0.001846455 -0.003518859 0.000187570 0.001106254 0.000745186 0.000066832 0.001165021 -0.001846454 -0.000007321 -0.000017360 0.000066832 0.000751192 0.000000000 0.000000000 0.000328691 0.001846455 0.001165021 0.000000000 0.001984923 -0.003145923 -0.000610811 -0.003518859 -0.001846454 0.000000000 -0.003145923 0.005995303 
frame00017.jpg -0.338710242 -0.803232233 -0.083675722  -0.515531631 -0.475506441 0.524432110  0.513238629 -0.497294242 0.699488775 -0.858245950 -0.297386332 0.418300442 -0.000000000 -0.815021354 -0.579430922  0.000190545 -0.000265266 -0.000032604 -0.000005968 -0.000061674 0.000510418 -0.000265266 0.001928123 0.001101825 -0.000580270 0.001630639 -0.002993820 -0.000032604 0.001101825 0.000751569 -0.000401669 0.001079076 -0.001630637 -0.000005968 -0.000580270 -0.000401669 0.000995673 -0.000000000 0.000000000 -0.000061674 0.001630639 0.001079076 -0.000000000 0.002093131 -0.003163019 0.000510418 -0.002993820 -0.001630637 0.000000000 -0.003163019 0.005807242 
frame00018.jpg -0.456966648 -0.650533883 0.039610063  -0.715433994 -0.144627795 0.317519778  -0.160473202 -0.508474339 0.845991843 -0.987040197 0.082667865 -0.137541531 -0.000000000 -0.857099685 -0.515150589  0.000176850 0.000541845 0.000390553 -0.000008458 0.000553214 -0.000764713 0.000541845 0.003158509 0.001678721 -0.000376382 0.002274789 -0.004137001 0.000390553 0.001678721 0.001108309 -0.000073616 0.001502537 -0.002274787 -0.000008458 -0.000376382 -0.000073616 0.001005028 -0.000000000 -0.000000000 0.000553214 0.002274789 0.001502537 -0.000000000 0.002100175 -0.003179587 -0.000764713 -0.004137001 -0.002274787 -0.000000000 -0.003179587 0.005782495 
frame00019.jpg -0.311523749 -0.352448532 0.744505150  -0.382597577 0.473299284 0.636523223  -0.102769684 -0.544446380 0.832476145 -0.994705178 0.056250418 -0.086008711 -0.000000000 -0.836907420 -0.547344471  0.005133200 0.002036956 0.001208805 -0.000004810 0.003178162 -0.005354713 0.002036956 0.001397190 0.000122205 -0.000685673 0.001215546 -0.002215379 0.001208805 0.000122205 0.000635426 0.000547438 0.000798897 -0.001215543 -0.000004810 -0.000685673 0.000547438 0.001002642 0.000000000 -0.000000000 0.003178162 0.001215546 0.000798897 0.000000000 0.002088090 -0.003177091 -0.005354713 -0.002215379 -0.001215543 -0.000000000 -0.003177091 0.005790377 
frame00020.jpg 0.353038261 -0.272223395 1.003412642  -0.185340825 1.066122869 0.186035823  -0.226126785 -0.514758718 0.826976505 -0.974097879 0.119495932 -0.191974074 -0.000000000 -0.848966539 -0.528446606  0.009372752 0.001353603 0.000759325 -0.000002205 0.004122656 -0.007352199 0.001353603 0.000345563 -0.000128753 -0.000231732 0.000588696 -0.001072584 0.000759325 -0.000128753 0.001393053 0.001138001 0.000388979 -0.000588695 -0.000002205 -0.000231732 0.001138001 0.001001281 -0.000000000 0.000000000 0.004122656 0.000588696 0.000388979 -0.000000000 0.002098724 -0.003176285 -0.007352199 -0.001072584 -0.000588695 0.000000000 -0.003176285 0.005787078 
frame00021.jpg 1.284609815 -0.218396474 0.930570010  0.082302434 1.331322913 -0.885824786  -0.229538666 -0.345221270 0.910018833 -0.973299543 0.081415459 -0.214614822 0.000000000 -0.934983314 -0.354691700  0.005332300 -0.000445587 -0.000223773 0.000001157 0.002716494 -0.005401572 -0.000445587 0.000770061 0.001143507 0.000795003 -0.000263813 0.000472960 -0.000223773 0.001143507 0.001899506 0.001332917 -0.000176691 0.000263813 0.000001157 0.000795003 0.001332917 0.000954391 0.000000000 -0.000000000 0.002716494 -0.000263813 -0.000176691 0.000000000 0.002146849 -0.003205400 -0.005401572 0.000472960 0.000263813 -0.000000000 -0.003205400 0.005746546 
frame00022.jpg 1.627022499 -0.182048418 0.886386047  0.411292994 1.537810283 -0.965402335  -0.357293633 -0.447950828 0.819561661 -0.933992109 0.171361168 -0.313518884 0.000000000 -0.877482425 -0.479608793  0.007416958 -0.002623826 -0.001312611 0.000004736 0.003192487 -0.006402884 -0.002623826 0.001885853 0.002015102 0.000913161 -0.001307982 0.002375529 -0.001312611 0.002015102 0.002952368 0.001600529 -0.000871398 0.001307981 0.000004736 0.000913161 0.001600529 0.000998542 -0.000000000 -0.000000000 0.003192487 -0.001307982 -0.000871398 -0.000000000 0.002118678 -0.003180166 -0.006402884 0.002375529 0.001307981 -0.000000000 -0.003180166 0.005775752 
frame00023.jpg 1.706006588 -0.276875285 0.852811216  0.102974335 1.611286513 -1.052405545  -0.218724559 -0.495923611 0.840368574 -0.975786640 0.111162286 -0.188370324 -0.000000000 -0.861221643 -0.508229556  0.007773627 -0.000673839 -0.000339149 0.000001615 0.003272658 -0.006550259 -0.000673839 0.001108728 0.001685877 0.000977107 -0.000327934 0.000595006 -0.000339149 0.001685877 0.002795368 0.001636036 -0.000215751 0.000327936 0.000001615 0.000977107 0.001636036 0.000976298 0.000000000 -0.000000000 0.003272658 -0.000327934 -0.000215751 0.000000000 0.002095215 -0.003184656 -0.006550259 0.000595006 0.000327936 -0.000000000 -0.003184656 0.005778216 
frame00024.jpg 1.849090451 -0.387589601 0.375992523  0.237805934 1.204803016 -1.484125872  -0.326715080 -0.439711561 0.836606837 -0.945122879 0.152001820 -0.289202680 0.000000000 -0.885183139 -0.465242744  0.002079541 -0.000666786 -0.000254264 0.000003121 0.001059439 -0.002807191 -0.000666786 0.002381790 0.001982068 0.001404861 -0.000758477 0.001371749 -0.000254264 0.001982068 0.001736956 0.001250507 -0.000501648 0.000758480 0.000003121 0.001404861 0.001250507 0.000986934 0.000000000 -0.000000000 0.001059439 -0.000758477 -0.000501648 0.000000000 0.002109492 -0.003189502 -0.002807191 0.001371749 0.000758480 -0.000000000 -0.003189502 0.005768381 
frame00025.jpg 1.969281437 -0.315896980 0.704517497  0.346390351 1.514481439 -1.435466780  -0.327464553 -0.426046667 0.843357103 -0.944863464 0.147656446 -0.292285148 0.000000000 -0.892570340 -0.450908182  0.004558973 -0.001635737 -0.000745788 0.000004134 0.002151318 -0.004738710 -0.001635737 0.002613976 0.002530231 0.001351737 -0.001105854 0.001996818 -0.000745788 0.002530231 0.002722497 0.001545620 -0.000731526 0.001105852 0.000004134 0.001351737 0.001545620 0.000980017 0.000000000 -0.000000000 0.002151318 -0.001105854 -0.000731526 0.000000000 0.002111853 -0.003192506 -0.004738710 0.001996818 0.001105852 -0.000000000 -0.003192506 0.005764658 
frame00026.jpg 1.831623211 -0.278304284 1.144886292  0.330710121 1.885783896 -1.038032466  -0.324288502 -0.459158545 0.827049211 -0.945958227 0.157406355 -0.283524729 0.000000000 -0.874297815 -0.485389874  0.011919143 -0.002693153 -0.001375471 0.000004024 0.004165917 -0.008174006 -0.002693153 0.001675211 0.002259460 0.000974553 -0.001053262 0.001909567 -0.001375471 0.002259460 0.004004650 0.001920297 -0.000696771 0.001053261 0.000004024 0.000974553 0.001920297 0.000984549 -0.000000000 0.000000000 0.004165917 -0.001053262 -0.000696771 -0.000000000 0.002106898 -0.003184858 -0.008174006 0.001909567 0.001053261 0.000000000 -0.003184858 0.005774158 
frame00027.jpg 1.981061608 -0.328404259 1.538779839  0.272645894 2.255363294 -1.113237831  -0.295970927 -0.418867112 0.858458824 -0.955196949 0.129787357 -0.265996300 0.000000000 -0.898724421 -0.438513872  0.017871741 -0.002726712 -0.001414271 0.000003242 0.005190887 -0.010033391 -0.002726712 0.001642496 0.002665477 0.001044841 -0.000870522 0.001571174 -0.001414271 0.002665477 0.005449594 0.002269511 -0.000577601 0.000870518 0.000003242 0.001044841 0.002269511 0.000978527 0.000000000 0.000000000 0.005190887 -0.000870522 -0.000577601 0.000000000 0.002118500 -0.003192851 -0.010033391 0.001571174 0.000870518 0.000000000 -0.003192851 0.005762677 
frame00028.jpg 1.708724528 -0.208526270 1.409009880  0.309964094 2.067352493 -0.760596800  -0.297896407 -0.477822284 0.826404015 -0.954598204 0.149111470 -0.257891525 -0.000000000 -0.865708747 -0.500548065  0.017888097 -0.003122560 -0.001650119 0.000003965 0.005331917 -0.010112969 -0.003122560 0.001170498 0.001835268 0.000711626 -0.000986959 0.001790712 -0.001650119 0.001835268 0.004748937 0.002118203 -0.000650951 0.000986962 0.000003965 0.000711626 0.002118203 0.000992905 0.000000000 0.000000000 0.005331917 -0.000986959 -0.000650951 0.000000000 0.002100087 -0.003184122 -0.010112969 0.001790712 0.000986962 0.000000000 -0.003184122 0.005777177 
frame00029.jpg 1.612069576 -0.300748205 1.504663074  0.183386011 2.105883893 -0.696312695  -0.292177701 -0.463451949 0.836567082 -0.956364047 0.141588682 -0.255578665 0.000000000 -0.874737067 -0.484597837  0.019361640 -0.001925686 -0.001025217 0.000002201 0.005590985 -0.010530507 -0.001925686 0.000723637 0.001510802 0.000641457 -0.000584301 0.001058745 -0.001025217 0.001510802 0.004729501 0.002132485 -0.000386018 0.000584302 0.000002201 0.000641457 0.002132485 0.000981850 -0.000000000 0.000000000 0.005590985 -0.000584301 -0.000386018 -0.000000000 0.002104950 -0.003186177 -0.010530507 0.001058745 0.000584302 0.000000000 -0.003186177 0.005773293 
frame00030.jpg 1.644156168 -0.263652025 1.433684950  0.216866382 1.984644993 -0.917805893  -0.285580271 -0.393021084 0.874058543 -0.958354793 0.117116405 -0.260460820 0.000000000 -0.912040665 -0.410099774  0.014572817 -0.001960934 -0.001030747 0.000003074 0.004756883 -0.009074673 -0.001960934 0.001094684 0.001876848 0.000838414 -0.000694170 0.001248067 -0.001030747 0.001876848 0.004166627 0.001971941 -0.000459495 0.000694173 0.000003074 0.000838414 0.001971941 0.000962050 -0.000000000 0.000000000 0.004756883 -0.000694170 -0.000459495 -0.000000000 0.002118800 -0.003200932 -0.009074673 0.001248067 0.000694173 0.000000000 -0.003200932 0.005755035 
frame00031.jpg 1.541393297 -0.327639793 1.442800281  0.203934825 1.963215912 -0.817990005  -0.332753301 -0.393498775 0.856991222 -0.943013913 0.138850567 -0.302399206 0.000000000 -0.908778980 -0.417277804  0.015158283 -0.001886079 -0.000997907 0.000002607 0.004894985 -0.009276478 -0.001886079 0.000914028 0.001659569 0.000748459 -0.000652335 0.001174054 -0.000997907 0.001659569 0.004101315 0.001966067 -0.000432176 0.000652331 0.000002607 0.000748459 0.001966067 0.000969147 0.000000000 0.000000000 0.004894985 -0.000652335 -0.000432176 0.000000000 0.002119180 -0.003198713 -0.009276478 0.001174054 0.000652331 0.000000000 -0.003198713 0.005756973 
frame00032.jpg 1.519723026 -0.243258042 1.589035539  0.188221738 2.092696232 -0.692070483  -0.277627570 -0.414641827 0.866599727 -0.960688780 0.119826530 -0.250436958 0.000000000 -0.902060839 -0.431608900  0.019056311 -0.001958750 -0.001047451 0.000002275 0.005567321 -0.010435586 -0.001958750 0.000737709 0.001510704 0.000643203 -0.000601303 0.001084311 -0.001047451 0.001510704 0.004716592 0.002138554 -0.000398841 0.000601301 0.000002275 0.000643203 0.002138554 0.000990552 -0.000000000 0.000000000 0.005567321 -0.000601303 -0.000398841 -0.000000000 0.002118997 -0.003194643 -0.010435586 0.001084311 0.000601301 0.000000000 -0.003194643 0.005760829 
frame00033.jpg 1.488459009 -0.215087522 1.534547996  0.100537785 2.053865715 -0.623007378  -0.208861383 -0.451322290 0.867574270 -0.977945255 0.096389647 -0.185289269 0.000000000 -0.887139914 -0.461500567  0.019072168 -0.001049704 -0.000561271 0.000001263 0.005574039 -0.010454807 -0.001049704 0.000507234 0.001257232 0.000572462 -0.000320390 0.000580030 -0.000561271 0.001257232 0.004480642 0.002090421 -0.000212829 0.000320390 0.000001263 0.000572462 0.002090421 0.000985822 0.000000000 0.000000000 0.005574039 -0.000320390 -0.000212829 0.000000000 0.002116902 -0.003186753 -0.010454807 0.000580030 0.000320390 0.000000000 -0.003186753 0.005769231 
frame00034.jpg 1.444136102 -0.156210449 1.483274751  0.146829781 1.977732541 -0.614043796  -0.207487863 -0.444187655 0.871576798 -0.978237592 0.094213868 -0.184864709 0.000000000 -0.890966371 -0.454069296  0.017594134 -0.001469253 -0.000786010 0.000002168 0.005355479 -0.010037907 -0.001469253 0.000561158 0.001237956 0.000566044 -0.000468266 0.000846751 -0.000786010 0.001237956 0.004214604 0.002026551 -0.000310781 0.000468263 0.000002168 0.000566044 0.002026551 0.000991205 -0.000000000 0.000000000 0.005355479 -0.000468266 -0.000310781 -0.000000000 0.002116609 -0.003189155 -0.010037907 0.000846751 0.000468263 0.000000000 -0.003189155 0.005766834 
frame00035.jpg 1.140062703 -0.181813067 0.586924946  0.057554033 0.880645969 -0.947855507  -0.206521607 -0.268342872 0.940925570 -0.978442040 0.056639636 -0.198602935 0.000000000 -0.961656932 -0.274255256  0.001451824 -0.000151801 -0.000068029 0.000000660 0.001142793 -0.002583174 -0.000151801 0.000810036 0.000793136 0.000815838 -0.000185551 0.000329935 -0.000068029 0.000793136 0.000848325 0.000867220 -0.000124438 0.000185552 0.000000660 0.000815838 0.000867220 0.000917338 -0.000000000 -0.000000000 0.001142793 -0.000185551 -0.000124438 -0.000000000 0.002162095 -0.003223934 -0.002583174 0.000329935 0.000185552 -0.000000000 -0.003223934 0.005732580 
frame00036.jpg -0.250157676 -0.157187750 0.255841455  -0.216864613 0.155189281 0.285705668  -0.260201000 -0.383239850 0.886240745 -0.965554473 0.103276816 -0.238827259 0.000000000 -0.917856806 -0.396911682  0.001054852 0.000514422 0.000311400 -0.000002283 0.001455159 -0.002397526 0.000514422 0.000450745 0.000095481 -0.000328766 0.000693689 -0.001247917 0.000311400 0.000095481 0.000171824 0.000219229 0.000462467 -0.000693686 -0.000002283 -0.000328766 0.000219229 0.000968039 0.000000000 -0.000000000 0.001455159 0.000693689 0.000462467 0.000000000 0.002132511 -0.003198703 -0.002397526 -0.001247917 -0.000693686 -0.000000000 -0.003198703 0.005754334 
frame00037.jpg -1.268144622 0.173303064 0.564648135  -0.091449887 -0.395723126 1.338690545  -0.205845282 -0.633290463 0.746036801 -0.978584549 0.133212664 -0.156928858 -0.000000000 -0.762363152 -0.647149461  0.001778513 0.000226691 0.000164046 -0.000001236 0.001851318 -0.002522946 0.000226691 0.002019574 0.000504974 -0.001367528 0.000289295 -0.000532747 0.000164046 0.000504974 0.000162928 -0.000314543 0.000188568 -0.000289292 -0.000001236 -0.001367528 -0.000314543 0.000985970 0.000000000 0.000000000 0.001851318 0.000289295 0.000188568 0.000000000 0.002061959 -0.003163373 -0.002522946 -0.000532747 -0.000289292 0.000000000 -0.003163373 0.005825501 
frame00038.jpg -0.814273584 0.001649683 -0.113781771  -0.214595477 -0.548053969 0.574087198  -0.265495480 -0.558886475 0.785594080 -0.964112105 0.153905165 -0.216335503 -0.000000000 -0.814836860 -0.579690341  0.000271887 -0.000169311 -0.000044217 -0.000002851 -0.000182632 0.000778016 -0.000169311 0.000768344 0.000505147 -0.000698432 0.000678039 -0.001246741 -0.000044217 0.000505147 0.000382245 -0.000525219 0.000450176 -0.000678036 -0.000002851 -0.000698432 -0.000525219 0.001104539 0.000000000 0.000000000 -0.000182632 0.000678039 0.000450176 0.000000000 0.002097790 -0.003159614 0.000778016 -0.001246741 -0.000678036 0.000000000 -0.003159614 0.005809729 
frame00039.jpg -0.821525911 0.011592962 -0.117190167  -0.184629752 -0.517847785 0.621705944  -0.238444491 -0.506917902 0.828358899 -0.971156128 0.124461740 -0.203383998 -0.000000000 -0.852961615 -0.521973643  0.000204997 -0.000080740 -0.000003326 -0.000002086 0.000001060 0.000425643 -0.000080740 0.000713252 0.000433146 -0.000676876 0.000587274 -0.001067718 -0.000003326 0.000433146 0.000297968 -0.000443219 0.000386735 -0.000587272 -0.000002086 -0.000676876 -0.000443219 0.000995096 0.000000000 0.000000000 0.000001060 0.000587274 0.000386735 0.000000000 0.002094658 -0.003180820 0.000425643 -0.001067718 -0.000587272 0.000000000 -0.003180820 0.005783029 
frame00040.jpg -0.819395057 0.011764979 -0.114647308  -0.180208711 -0.508944829 0.627049170  -0.233888852 -0.499344057 0.834237087 -0.972263341 0.120122814 -0.200685089 -0.000000000 -0.858036143 -0.513589309  0.000196094 -0.000066387 0.000003363 -0.000001971 0.000039307 0.000353955 -0.000066387 0.000707042 0.000421307 -0.000674290 0.000573681 -0.001041575 0.000003363 0.000421307 0.000284461 -0.000429430 0.000377445 -0.000573684 -0.000001971 -0.000674290 -0.000429430 0.000984948 -0.000000000 -0.000000000 0.000039307 0.000573681 0.000377445 -0.000000000 0.002094504 -0.003183467 0.000353955 -0.001041575 -0.000573684 -0.000000000 -0.003183467 0.005779881 
frame00041.jpg -0.758592399 -0.032078559 0.038506872  -0.203355316 -0.368435725 0.633147670  -0.226885106 -0.533408776 0.814860863 -0.973921531 0.124263098 -0.189830276 -0.000000000 -0.836680202 -0.547691738  0.000217411 0.000092104 0.000096718 -0.000002248 0.000497007 -0.000469824 0.000092104 0.000774275 0.000362201 -0.000692301 0.000646041 -0.001177551 0.000096718 0.000362201 0.000205099 -0.000296952 0.000424655 -0.000646037 -0.000002248 -0.000692301 -0.000296952 0.001004922 -0.000000000 0.000000000 0.000497007 0.000646041 0.000424655 -0.000000000 0.002088238 -0.003176886 -0.000469824 -0.001177551 -0.000646037 0.000000000 -0.003176886 0.005790583 
frame00042.jpg -0.692847779 -0.124824738 0.166737847  -0.318708743 -0.151541514 0.631570009  -0.287439409 -0.455083966 0.842779431 -0.957798823 0.136572590 -0.252921611 0.000000000 -0.879912786 -0.475135232  0.000697389 0.000546179 0.000374061 -0.000004099 0.001191465 -0.001731800 0.000546179 0.001111582 0.000401961 -0.000670033 0.001016792 -0.001838778 0.000374061 0.000401961 0.000246401 -0.000076884 0.000670060 -0.001016794 -0.000004099 -0.000670033 -0.000076884 0.000978943 0.000000000 0.000000000 0.001191465 0.001016792 0.000670060 0.000000000 0.002102425 -0.003190358 -0.001731800 -0.001838778 -0.001016794 0.000000000 -0.003190358 0.005769474 
frame00043.jpg -0.733718448 -0.121267517 0.247485567  -0.299523141 -0.102950631 0.716927286  -0.248116475 -0.457061244 0.854127177 -0.968730207 0.117065024 -0.218763720 0.000000000 -0.881697680 -0.471814794  0.001125354 0.000678147 0.000451651 -0.000003777 0.001527749 -0.002284263 0.000678147 0.001164132 0.000334973 -0.000750319 0.000955505 -0.001727979 0.000451651 0.000334973 0.000217142 -0.000028791 0.000630418 -0.000955504 -0.000003777 -0.000750319 -0.000028791 0.000976205 -0.000000000 0.000000000 0.001527749 0.000955505 0.000630418 -0.000000000 0.002104739 -0.003190085 -0.002284263 -0.001727979 -0.000955504 0.000000000 -0.003190085 0.005769100 
frame00044.jpg -0.746923459 -0.164085951 0.466347552  -0.324867541 0.067089690 0.832021001  -0.220674157 -0.478133578 0.850112462 -0.975347587 0.108178587 -0.192339483 0.000000000 -0.871599492 -0.490218650  0.002570100 0.001171351 0.000742606 -0.000004198 0.002308384 -0.003630192 0.001171351 0.001448363 0.000244638 -0.000863927 0.001035316 -0.001875738 0.000742606 0.000244638 0.000270222 0.000138107 0.000682446 -0.001035316 -0.000004198 -0.000863927 0.000138107 0.000980317 -0.000000000 0.000000000 0.002308384 0.001035316 0.000682446 -0.000000000 0.002100686 -0.003186878 -0.003630192 -0.001875738 -0.001035316 0.000000000 -0.003186878 0.005773840 
frame00045.jpg -1.101467498 -0.156064144 0.856991898  -0.497600910 0.229751178 1.292915122  -0.317400749 -0.483611533 0.815706227 -0.948291498 0.161868648 -0.273023399 -0.000000000 -0.860185111 -0.509981935  0.006959591 0.002985188 0.001875393 -0.000006270 0.003796025 -0.006030459 0.002985188 0.003332341 0.000422787 -0.001337794 0.001582093 -0.002876935 0.001875393 0.000422787 0.000649672 0.000306373 0.001046513 -0.001582095 -0.000006270 -0.001337794 0.000306373 0.001001554 0.000000000 0.000000000 0.003796025 0.001582093 0.001046513 0.000000000 0.002103117 -0.003179445 -0.006030459 -0.002876935 -0.001582095 0.000000000 -0.003179445 0.005781616 
frame00046.jpg -1.669383717 -0.094861904 1.447549856  -0.634292626 0.500088113 2.058840961  -0.326240709 -0.464669085 0.823194777 -0.945286729 0.160368243 -0.284103901 0.000000000 -0.870841357 -0.491564168  0.019029269 0.006336149 0.003954772 -0.000007925 0.006272511 -0.010035269 0.006336149 0.006846180 0.000160166 -0.002064820 0.002019711 -0.003663416 0.003954772 0.000160166 0.001224655 0.000572708 0.001335020 -0.002019707 -0.000007925 -0.002064820 0.000572708 0.000987582 -0.000000000 0.000000000 0.006272511 0.002019711 0.001335020 -0.000000000 0.002104739 -0.003184189 -0.010035269 -0.003663416 -0.002019707 0.000000000 -0.003184189 0.005775582 
frame00047.jpg -1.977036233 0.188679991 1.838294416  -0.268674632 0.655664282 2.611803411  -0.228801833 -0.471347379 0.851751941 -0.973473020 0.110783907 -0.200192919 0.000000000 -0.874962042 -0.484191518  0.030398831 0.003394644 0.002114322 -0.000003607 0.007925311 -0.012703151 0.003394644 0.007554855 -0.001575723 -0.002595612 0.000856639 -0.001550798 0.002114322 -0.001575723 0.000747292 0.000727049 0.000564539 -0.000856638 -0.000003607 -0.002595612 0.000727049 0.000984652 0.000000000 0.000000000 0.007925311 0.000856639 0.000564539 0.000000000 0.002101196 -0.003188377 -0.012703151 -0.001550798 -0.000856638 0.000000000 -0.003188377 0.005772008 
frame00048.jpg -2.126866867 0.058533467 2.215078530  -0.563993149 0.952766668 2.864909969  -0.291501335 -0.460823891 0.838253132 -0.956570422 0.140429577 -0.255445811 0.000000000 -0.876310947 -0.481745913  0.043121025 0.008541920 0.005278357 -0.000007581 0.009416091 -0.015220308 0.008541920 0.010399205 -0.001790187 -0.002835527 0.001797190 -0.003255713 0.005278357 -0.001790187 0.001791765 0.001019656 0.001187672 -0.001797192 -0.000007581 -0.002835527 0.001019656 0.000983580 -0.000000000 0.000000000 0.009416091 0.001797190 0.001187672 -0.000000000 0.002105827 -0.003186550 -0.015220308 -0.003255713 -0.001797192 0.000000000 -0.003186550 0.005772615 
frame00049.jpg -2.056101403 0.100689107 2.644813236  -0.314884540 1.294735277 3.075262041  -0.201116684 -0.483868892 0.851717661 -0.979567292 0.099343973 -0.174867651 0.000000000 -0.869483565 -0.493961871  0.058648257 0.005601933 0.003422464 -0.000003503 0.010927841 -0.017867691 0.005601933 0.010416730 -0.003709322 -0.003033657 0.001003431 -0.001818333 0.003422464 -0.003709322 0.002150225 0.001355503 0.000660979 -0.001003432 -0.000003503 -0.003033657 0.001355503 0.000982434 -0.000000000 -0.000000000 0.010927841 0.001003431 0.000660979 -0.000000000 0.002099109 -0.003186657 -0.017867691 -0.001818333 -0.001003432 -0.000000000 -0.003186657 0.005774593 
frame00050.jpg -2.096307148 0.215343587 2.913935537  -0.666131529 1.574984667 3.163477345  -0.411393953 -0.442973917 0.796573364 -0.911457632 0.199939947 -0.359539987 0.000000000 -0.873955449 -0.486006043  0.071280043 0.013105932 0.007966204 -0.000008390 0.012023761 -0.019762655 0.013105932 0.013037762 -0.003604346 -0.003128367 0.002122080 -0.003846125 0.007966204 -0.003604346 0.003726173 0.001637460 0.001402275 -0.002122076 -0.000008390 -0.003128367 0.001637460 0.000986144 -0.000000000 -0.000000000 0.012023761 0.002122080 0.001402275 -0.000000000 0.002105101 -0.003185669 -0.019762655 -0.003846125 -0.002122076 -0.000000000 -0.003185669 0.005773810 
frame00051.jpg -2.202239186 0.156382743 3.005054369  0.065760821 1.375883224 3.465153045  -0.041089928 -0.530234308 0.846854885 -0.999155452 0.021805706 -0.034826619 -0.000000000 -0.847570699 -0.530682495  0.070498062 -0.001285330 -0.000786628 0.000000771 0.011973092 -0.019567999 -0.001285330 0.012598318 -0.004839549 -0.003454371 -0.000209056 0.000380486 -0.000786628 -0.004839549 0.002226264 0.001454995 -0.000137653 0.000209057 0.000000771 -0.003454371 0.001454995 0.000994599 -0.000000000 0.000000000 0.011973092 -0.000209056 -0.000137653 -0.000000000 0.002093234 -0.003179008 -0.019567999 0.000380486 0.000209057 0.000000000 -0.003179008 0.005785817 
frame00052.jpg -2.240965159 0.160420063 3.169595368  -0.023430281 1.388582993 3.628399445  -0.081800793 -0.553413179 0.828880259 -0.996648699 0.045421859 -0.068031055 -0.000000000 -0.831667426 -0.555274069  0.074881112 0.000465161 0.000283184 -0.000000527 0.012332635 -0.020153648 0.000465161 0.013713605 -0.005113145 -0.003606849 0.000074367 -0.000135763 0.000283184 -0.005113145 0.002255421 0.001464501 0.000048951 -0.000074367 -0.000000527 -0.003606849 0.001464501 0.000992215 0.000000000 0.000000000 0.012332635 0.000074367 0.000048951 0.000000000 0.002089156 -0.003173864 -0.020153648 -0.000135763 -0.000074367 0.000000000 -0.003173864 0.005794178 
frame00053.jpg -2.262093151 0.151952903 3.227615133  0.158889417 1.674218979 3.567828404  0.003066730 -0.497611121 0.867394816 -0.999995298 -0.001526046 0.002660078 0.000000000 -0.867398895 -0.497613461  0.085509068 -0.003427733 -0.002087713 0.000001632 0.013174746 -0.021623721 -0.003427733 0.013425127 -0.005925565 -0.003532208 -0.000505964 0.000917836 -0.002087713 -0.005925565 0.003211765 0.001742411 -0.000333864 0.000505961 0.000001632 -0.003532208 0.001742411 0.000989078 0.000000000 -0.000000000 0.013174746 -0.000505964 -0.000333864 0.000000000 0.002101229 -0.003184352 -0.021623721 0.000917836 0.000505961 -0.000000000 -0.003184352 0.005776534 
frame00054.jpg -2.198743512 0.043257056 3.113856890  0.298939396 1.548688903 3.470539850  0.116419437 -0.511110243 0.851594289 -0.993200138 -0.059910550 0.099820896 -0.000000000 -0.857424659 -0.514609517  0.077697223 -0.006126465 -0.003741593 0.000004009 0.012574938 -0.020572571 -0.006126465 0.013585085 -0.005377001 -0.003585127 -0.000949461 0.001729200 -0.003741593 -0.005377001 0.003029031 0.001684440 -0.000629633 0.000949462 0.000004009 -0.003585127 0.001684440 0.001030349 -0.000000000 -0.000000000 0.012574938 -0.000949461 -0.000629633 -0.000000000 0.002106235 -0.003176118 -0.020572571 0.001729200 0.000949462 -0.000000000 -0.003176118 0.005784476 
frame00055.jpg -1.900296791 0.042238614 3.088280095  -0.227150183 1.759665078 3.162651980  -0.141537667 -0.487183658 0.861753545 -0.989932871 0.069656075 -0.123210967 0.000000000 -0.870517153 -0.492138076  0.078710575 0.004710906 0.002847198 -0.000002389 0.012599268 -0.020828508 0.004710906 0.010779095 -0.005415645 -0.003122257 0.000723660 -0.001311750 0.002847198 -0.005415645 0.003535252 0.001817347 0.000477378 -0.000723658 -0.000002389 -0.003122257 0.001817347 0.000985034 0.000000000 0.000000000 0.012599268 0.000723660 0.000477378 0.000000000 0.002101588 -0.003185796 -0.020828508 -0.001311750 -0.000723658 0.000000000 -0.003185796 0.005774773 
frame00056.jpg -1.493555148 0.012838720 3.118177331  -0.326375065 1.876362899 2.885592360  -0.226894162 -0.514849588 0.826709708 -0.973919421 0.119944590 -0.192598691 -0.000000000 -0.848848159 -0.528636740  0.076522623 0.006700574 0.004010092 -0.000003775 0.012352519 -0.020621375 0.006700574 0.009386496 -0.005057655 -0.002837267 0.001037721 -0.001888113 0.004010092 -0.005057655 0.004059565 0.001922251 0.000683239 -0.001037716 -0.000003775 -0.002837267 0.001922251 0.000980513 0.000000000 0.000000000 0.012352519 0.001037721 0.000683239 0.000000000 0.002093420 -0.003179527 -0.020621375 -0.001888113 -0.001037716 0.000000000 -0.003179527 0.005785096 
frame00057.jpg -1.107582823 -0.065092113 3.067733974  -0.161162044 2.027253326 2.550733066  -0.086961008 -0.525470083 0.846356293 -0.996211716 0.045869174 -0.073879874 -0.000000000 -0.849574724 -0.527468283  0.074515062 0.003272170 0.001940644 -0.000002378 0.012129728 -0.020431038 0.003272170 0.007183960 -0.005128569 -0.002539627 0.000512652 -0.000932152 0.001940644 -0.005128569 0.004528043 0.002092072 0.000337094 -0.000512652 -0.000002378 -0.002539627 0.002092072 0.000991700 -0.000000000 -0.000000000 0.012129728 0.000512652 0.000337094 -0.000000000 0.002091653 -0.003180986 -0.020431038 -0.000932152 -0.000512652 -0.000000000 -0.003180986 0.005783966 
frame00058.jpg -0.638980458 -0.155696313 3.174363970  -0.245772855 2.359400972 2.209512784  -0.143490678 -0.527989325 0.837041037 -0.989651669 0.076553750 -0.121363496 -0.000000000 -0.845793589 -0.533510266  0.079965339 0.005203870 0.003049128 -0.000002664 0.012470056 -0.021266928 0.005203870 0.005862496 -0.005163112 -0.002247843 0.000780922 -0.001422382 0.003049128 -0.005163112 0.006203145 0.002469042 0.000514742 -0.000780921 -0.000002664 -0.002247843 0.002469042 0.001011982 -0.000000000 -0.000000000 0.012470056 0.000780922 0.000514742 -0.000000000 0.002094375 -0.003177406 -0.021266928 -0.001422382 -0.000780921 -0.000000000 -0.003177406 0.005787380 
frame00059.jpg -0.311325392 -0.094228800 3.298319740  -0.153107719 2.638847328 1.999439542  -0.194929444 -0.522339074 0.830159264 -0.980817267 0.103810637 -0.164987392 -0.000000000 -0.846395442 -0.532554933  0.086783638 0.003383051 0.001965622 -0.000001947 0.012919616 -0.022215778 0.003383051 0.004735921 -0.005291049 -0.002018608 0.000486314 -0.000886179 0.001965622 -0.005291049 0.007519481 0.002730459 0.000321015 -0.000486315 -0.000001947 -0.002018608 0.002730459 0.001004471 -0.000000000 -0.000000000 0.012919616 0.000486314 0.000321015 -0.000000000 0.002096648 -0.003176277 -0.022215778 -0.000886179 -0.000486315 -0.000000000 -0.003176277 0.005787901 
frame00060.jpg 0.105436203 -0.079209295 3.285154601  -0.059349321 2.767589185 1.773854396  -0.176558078 -0.560483277 0.809126530 -0.984290224 0.100537268 -0.145137909 -0.000000000 -0.822040603 -0.569428877  0.086695102 0.001309454 0.000752395 -0.000001099 0.012822244 -0.022266901 0.001309454 0.003719052 -0.004921890 -0.001772633 0.000188217 -0.000344158 0.000752395 -0.004921890 0.008102723 0.002828229 0.000123799 -0.000188223 -0.000001099 -0.001772633 0.002828229 0.000993728 -0.000000000 0.000000000 0.012822244 0.000188217 0.000123799 -0.000000000 0.002085957 -0.003171441 -0.022266901 -0.000344158 -0.000188223 0.000000000 -0.003171441 0.005798954 
