frame00000.jpg -0.192599318 -0.109531767 -0.103608483  -0.114964219 0.000487060 -0.215892136  -0.873632129 0.234479155 -0.426364197 0.486586994 0.420990545 -0.765506406 0.000000000 -0.876234265 -0.481885373  0.000020566 -0.000006954 -0.000010815 -0.000001292 -0.000095383 0.000099824 -0.000006954 0.000186573 0.000083340 0.000165896 0.000369791 -0.000661735 -0.000010815 0.000083340 0.000053404 0.000073729 0.000235802 -0.000369800 -0.000001292 0.000165896 0.000073729 0.001069274 -0.000000000 -0.000000000 -0.000095383 0.000369791 0.000235802 -0.000000000 0.002051074 -0.003216619 0.000099824 -0.000661735 -0.000369800 -0.000000000 -0.003216619 0.005756101 
frame00001.jpg -0.190445952 -0.112183363 -0.104031696  -0.113125163 0.000602549 -0.216517195  -0.877017937 0.232020038 -0.420721095 0.480457634 0.423524824 -0.767976032 0.000000000 -0.875667417 -0.482914666  0.000020956 -0.000007238 -0.000011028 -0.000001684 -0.000096183 0.000101181 -0.000007238 0.000183619 0.000081843 0.000165609 0.000363895 -0.000651165 -0.000011028 0.000081843 0.000052386 0.000074007 0.000231958 -0.000363897 -0.000001684 0.000165609 0.000074007 0.001065891 -0.000000000 -0.000000000 -0.000096183 0.000363895 0.000231958 -0.000000000 0.002050442 -0.003216742 0.000101181 -0.000651165 -0.000363897 -0.000000000 -0.003216742 0.005756157 
frame00002.jpg -0.191420566 -0.112122637 -0.095520578  -0.114500406 0.003986408 -0.212629408  -0.878256387 0.222752797 -0.423139351 0.478190045 0.409113633 -0.777148838 0.000000000 -0.884876956 -0.465824831  0.000019568 -0.000003774 -0.000009114 -0.000001857 -0.000077486 0.000069823 -0.000003774 0.000185034 0.000081805 0.000160774 0.000368603 -0.000658699 -0.000009114 0.000081805 0.000052496 0.000077196 0.000235035 -0.000368608 -0.000001857 0.000160774 0.000077196 0.001060524 0.000000000 0.000000000 -0.000077486 0.000368603 0.000235035 0.000000000 0.002052683 -0.003219235 0.000069823 -0.000658699 -0.000368608 0.000000000 -0.003219235 0.005752820 
frame00003.jpg -0.191648120 -0.114576249 -0.099649143  -0.112368070 0.001431536 -0.217159015  -0.875363366 0.224672956 -0.428089990 0.483465590 0.406793119 -0.775100240 0.000000000 -0.885461135 -0.464713438  0.000020770 -0.000006286 -0.000010590 -0.000001649 -0.000094950 0.000099177 -0.000006286 0.000184689 0.000080670 0.000165504 0.000361780 -0.000646398 -0.000010590 0.000080670 0.000051365 0.000074447 0.000230633 -0.000361778 -0.000001649 0.000165504 0.000074447 0.001060933 -0.000000000 0.000000000 -0.000094950 0.000361780 0.000230633 -0.000000000 0.002052474 -0.003219583 0.000099177 -0.000646398 -0.000361778 0.000000000 -0.003219583 0.005752512 
frame00004.jpg -0.193968995 -0.113239669 -0.098858405  -0.113888732 0.000686935 -0.217368496  -0.872452756 0.223631504 -0.434528640 0.488698464 0.399239892 -0.775745654 0.000000000 -0.889154913 -0.457606317  0.000020564 -0.000007454 -0.000011181 -0.000001150 -0.000097780 0.000104428 -0.000007454 0.000185711 0.000080547 0.000166254 0.000366814 -0.000654987 -0.000011181 0.000080547 0.000051304 0.000073096 0.000233818 -0.000366816 -0.000001150 0.000166254 0.000073096 0.001058692 -0.000000000 0.000000000 -0.000097780 0.000366814 0.000233818 -0.000000000 0.002053035 -0.003220806 0.000104428 -0.000654987 -0.000366816 0.000000000 -0.003220806 0.005751089 
frame00005.jpg -0.191298871 -0.110840771 -0.106465076  -0.113407979 -0.002870030 -0.217591682  -0.874187254 0.231966169 -0.426600916 0.485588968 0.417599826 -0.767993320 0.000000000 -0.878522670 -0.477700658  0.000021657 -0.000009758 -0.000012371 -0.000001265 -0.000109632 0.000124803 -0.000009758 0.000185283 0.000081466 0.000167593 0.000364882 -0.000652676 -0.000012371 0.000081466 0.000052003 0.000069991 0.000232623 -0.000364881 -0.000001265 0.000167593 0.000069991 0.001063969 0.000000000 0.000000000 -0.000109632 0.000364882 0.000232623 0.000000000 0.002051223 -0.003217450 0.000124803 -0.000652676 -0.000364881 0.000000000 -0.003217450 0.005755148 
frame00006.jpg -0.192041590 -0.111287439 -0.100173585  -0.113458624 0.002387664 -0.215455455  -0.873213237 0.231335854 -0.428931657 0.487338325 0.414507785 -0.768560117 0.000000000 -0.880151702 -0.474692512  0.000020270 -0.000005643 -0.000010108 -0.000001510 -0.000088527 0.000087695 -0.000005643 0.000184809 0.000082057 0.000164677 0.000365047 -0.000652932 -0.000010108 0.000082057 0.000052663 0.000075546 0.000232870 -0.000365048 -0.000001510 0.000164677 0.000075546 0.001063876 -0.000000000 -0.000000000 -0.000088527 0.000365047 0.000232870 -0.000000000 0.002052456 -0.003217437 0.000087695 -0.000652932 -0.000365048 -0.000000000 -0.003217437 0.005754800 
frame00007.jpg -0.191992250 -0.111499411 -0.100437466  -0.114392214 0.002426900 -0.215149619  -0.875960473 0.229972086 -0.424035482 0.482382887 0.417606972 -0.770007251 0.000000000 -0.879043376 -0.476741799  0.000020010 -0.000005598 -0.000010096 -0.000001561 -0.000087603 0.000086490 -0.000005598 0.000184501 0.000082339 0.000165332 0.000368064 -0.000658326 -0.000010096 0.000082339 0.000052801 0.000076148 0.000234665 -0.000368061 -0.000001561 0.000165332 0.000076148 0.001068450 -0.000000000 -0.000000000 -0.000087603 0.000368064 0.000234665 -0.000000000 0.002051415 -0.003217554 0.000086490 -0.000658326 -0.000368061 -0.000000000 -0.003217554 0.005754978 
frame00008.jpg -0.191602195 -0.113567507 -0.096810501  -0.113776954 0.003249816 -0.214535536  -0.877776194 0.222609740 -0.424209686 0.479070928 0.407875993 -0.777256856 0.000000000 -0.885484093 -0.464669691  0.000019905 -0.000004836 -0.000009727 -0.000001748 -0.000084069 0.000080089 -0.000004836 0.000184264 0.000080923 0.000163451 0.000366200 -0.000654552 -0.000009727 0.000080923 0.000051820 0.000076631 0.000233732 -0.000366200 -0.000001748 0.000163451 0.000076631 0.001061777 -0.000000000 -0.000000000 -0.000084069 0.000366200 0.000233732 -0.000000000 0.002054322 -0.003218623 0.000080089 -0.000654552 -0.000366200 -0.000000000 -0.003218623 0.005753011 
frame00009.jpg -0.188869225 -0.111822591 -0.103480192  -0.111740607 -0.000553867 -0.215401384  -0.876572190 0.230118481 -0.422689816 0.481270398 0.419131244 -0.769875187 0.000000000 -0.878279275 -0.478148006  0.000020349 -0.000007699 -0.000011045 -0.000001011 -0.000097717 0.000104395 -0.000007699 0.000181613 0.000080127 0.000165635 0.000359500 -0.000643094 -0.000011045 0.000080127 0.000051418 0.000072481 0.000229219 -0.000359504 -0.000001011 0.000165635 0.000072481 0.001066519 -0.000000000 -0.000000000 -0.000097717 0.000359500 0.000229219 -0.000000000 0.002051333 -0.003217293 0.000104395 -0.000643094 -0.000359504 -0.000000000 -0.003217293 0.005755286 
frame00010.jpg -0.193836134 -0.110853569 -0.097776730  -0.114386916 0.006714543 -0.215155288  -0.871041289 0.236662057 -0.430439477 0.491209805 0.419662680 -0.763279872 0.000000000 -0.876284375 -0.481794245  0.000019581 -0.000002360 -0.000008297 -0.000001706 -0.000073487 0.000061794 -0.000002360 0.000185749 0.000084265 0.000164647 0.000368054 -0.000658361 -0.000008297 0.000084265 0.000054229 0.000080705 0.000234414 -0.000368049 -0.000001706 0.000164647 0.000080705 0.001065177 0.000000000 0.000000000 -0.000073487 0.000368054 0.000234414 0.000000000 0.002049318 -0.003217605 0.000061794 -0.000658361 -0.000368049 0.000000000 -0.003217605 0.005755548 
frame00011.jpg -0.191294998 -0.112643582 -0.094411305  -0.112846741 0.005115744 -0.213155552  -0.874992295 0.224726605 -0.428819819 0.484136845 0.406153859 -0.775016489 0.000000000 -0.885740930 -0.464179927  0.000019191 -0.000003060 -0.000008548 -0.000001474 -0.000074843 0.000065130 -0.000003060 0.000182712 0.000080671 0.000161542 0.000363340 -0.000649139 -0.000008548 0.000080671 0.000051755 0.000078138 0.000231603 -0.000363338 -0.000001474 0.000161542 0.000078138 0.001059146 -0.000000000 0.000000000 -0.000074843 0.000363340 0.000231603 -0.000000000 0.002052371 -0.003219751 0.000065130 -0.000649139 -0.000363338 0.000000000 -0.003219751 0.005752364 
frame00012.jpg -0.191021014 -0.113748498 -0.095350782  -0.111654082 0.005451550 -0.214530107  -0.873936951 0.226948599 -0.429800580 0.486039304 0.408071456 -0.772815296 0.000000000 -0.884291818 -0.466934663  0.000019596 -0.000003370 -0.000008657 -0.000001296 -0.000076815 0.000067392 -0.000003370 0.000183164 0.000080809 0.000165087 0.000359376 -0.000642371 -0.000008657 0.000080809 0.000051820 0.000079428 0.000229265 -0.000359380 -0.000001296 0.000165087 0.000079428 0.001068059 -0.000000000 -0.000000000 -0.000076815 0.000359376 0.000229265 -0.000000000 0.002053327 -0.003218656 0.000067392 -0.000642371 -0.000359380 -0.000000000 -0.003218656 0.005753251 
frame00013.jpg -0.189115964 -0.113134466 -0.091710000  -0.112102513 0.007132733 -0.210611325  -0.878533396 0.222323124 -0.422790137 0.477680931 0.408888605 -0.777580245 0.000000000 -0.885089000 -0.465421812  0.000018817 -0.000000804 -0.000007219 -0.000001301 -0.000063434 0.000045123 -0.000000804 0.000182261 0.000080536 0.000159690 0.000360823 -0.000644929 -0.000007219 0.000080536 0.000051975 0.000080498 0.000230242 -0.000360819 -0.000001301 0.000159690 0.000080498 0.001063045 -0.000000000 -0.000000000 -0.000063434 0.000360823 0.000230242 -0.000000000 0.002053870 -0.003218697 0.000045123 -0.000644929 -0.000360819 -0.000000000 -0.003218697 0.005753057 
frame00014.jpg -0.192374038 -0.113223900 -0.095233857  -0.113131615 0.005006995 -0.214646400  -0.874038212 0.225601645 -0.430303499 0.485857185 0.405848601 -0.774099289 0.000000000 -0.885658405 -0.464337365  0.000019240 -0.000003866 -0.000009005 -0.000001108 -0.000078470 0.000070436 -0.000003866 0.000183453 0.000080813 0.000164286 0.000364187 -0.000650812 -0.000009005 0.000080813 0.000051808 0.000078343 0.000232313 -0.000364183 -0.000001108 0.000164286 0.000078343 0.001059211 0.000000000 0.000000000 -0.000078470 0.000364187 0.000232313 0.000000000 0.002053479 -0.003219137 0.000070436 -0.000650812 -0.000364183 0.000000000 -0.003219137 0.005752703 
frame00015.jpg -0.192904648 -0.110119081 -0.097948253  -0.113720149 0.006287642 -0.214383928  -0.870483972 0.237519570 -0.431094083 0.492196764 0.420069765 -0.762419660 0.000000000 -0.875857207 -0.482570361  0.000019379 -0.000003040 -0.000008502 -0.000001239 -0.000073706 0.000061506 -0.000003040 0.000184667 0.000083305 0.000165630 0.000365755 -0.000654614 -0.000008502 0.000083305 0.000053661 0.000080553 0.000233287 -0.000365756 -0.000001239 0.000165630 0.000080553 0.001072565 0.000000000 -0.000000000 -0.000073706 0.000365755 0.000233287 0.000000000 0.002051414 -0.003216282 0.000061506 -0.000654614 -0.000365756 -0.000000000 -0.003216282 0.005756370 
frame00016.jpg -0.191214311 -0.113666058 -0.095382484  -0.115493405 0.007282189 -0.212576920  -0.883007272 0.224715935 -0.412069055 0.469359305 0.422758859 -0.775226928 0.000000000 -0.877939460 -0.478771662  0.000019409 -0.000001125 -0.000007719 -0.000001862 -0.000066677 0.000050203 -0.000001125 0.000186444 0.000084291 0.000161871 0.000371574 -0.000664704 -0.000007719 0.000084291 0.000054518 0.000081367 0.000236890 -0.000371578 -0.000001862 0.000161871 0.000081367 0.001067805 0.000000000 -0.000000000 -0.000066677 0.000371574 0.000236890 0.000000000 0.002051100 -0.003217285 0.000050203 -0.000664704 -0.000371578 -0.000000000 -0.003217285 0.005755365 
frame00017.jpg -0.189027513 -0.108575491 -0.093648805  -0.116331319 0.012335118 -0.206409800  -0.883971134 0.236236553 -0.403469114 0.467541480 0.446647630 -0.762830820 -0.000000000 -0.862958971 -0.505273999  0.000018453 0.000004405 -0.000004258 -0.000001871 -0.000037140 0.000000513 0.000004405 0.000185040 0.000087657 0.000155388 0.000373973 -0.000670078 -0.000004258 0.000087657 0.000057837 0.000086726 0.000237941 -0.000373971 -0.000001871 0.000155388 0.000086726 0.001067563 0.000000000 -0.000000000 -0.000037140 0.000373973 0.000237941 0.000000000 0.002045380 -0.003214718 0.000000513 -0.000670078 -0.000373971 -0.000000000 -0.003214718 0.005760094 
frame00018.jpg -0.190513603 -0.112095923 -0.086894141  -0.120336472 0.010618713 -0.204494248  -0.894588099 0.210367879 -0.394280978 0.446891636 0.421114620 -0.789272034 0.000000000 -0.882274239 -0.470735773  0.000018930 0.000002827 -0.000005586 -0.000001608 -0.000040903 0.000004492 0.000002827 0.000193705 0.000088031 0.000156934 0.000386790 -0.000692666 -0.000005586 0.000088031 0.000057377 0.000086831 0.000247899 -0.000386787 -0.000001608 0.000156934 0.000086831 0.001089632 0.000000000 -0.000000000 -0.000040903 0.000386790 0.000247899 0.000000000 0.002060071 -0.003214234 0.000004492 -0.000692666 -0.000386787 -0.000000000 -0.003214234 0.005756046 
frame00019.jpg -0.189471484 -0.103621294 -0.072437859  -0.114040903 0.008071257 -0.197011640  -0.870781878 0.199194370 -0.449511427 0.491669523 0.352787471 -0.796116876 0.000000000 -0.914255218 -0.405138738  0.000017692 0.000004296 -0.000004294 -0.000001387 -0.000034097 -0.000002553 0.000004296 0.000184614 0.000076871 0.000146750 0.000367721 -0.000655051 -0.000004294 0.000076871 0.000049881 0.000082443 0.000235939 -0.000367721 -0.000001387 0.000146750 0.000082443 0.001075122 0.000000000 0.000000000 -0.000034097 0.000367721 0.000235939 0.000000000 0.002068886 -0.003224451 -0.000002553 -0.000655051 -0.000367721 0.000000000 -0.003224451 0.005743983 
frame00020.jpg -0.082485152 0.015366712 0.038371797  -0.028065250 0.072752217 -0.049313159  -0.156237178 0.493609800 -0.855534517 0.987719568 0.078079047 -0.135328188 0.000000000 -0.866171477 -0.499746908  0.000139911 0.000033023 0.000019893 0.000000137 0.000476042 -0.000853782 0.000033023 0.000081359 0.000035545 -0.000009395 0.000089678 -0.000161941 0.000019893 0.000035545 0.000051139 0.000156078 0.000058392 -0.000089679 0.000000137 -0.000009395 0.000156078 0.001096219 0.000000000 0.000000000 0.000476042 0.000089678 0.000058392 0.000000000 0.002080702 -0.003195549 -0.000853782 -0.000161941 -0.000089679 0.000000000 -0.003195549 0.005770445 
frame00021.jpg 0.206789419 -0.048146678 0.316245387  0.030751522 0.151542859 0.348109490  0.083310739 0.540978624 -0.836899904 0.996523618 -0.045226554 0.069965978 -0.000000000 -0.839819437 -0.542865833  0.001215567 -0.000069725 -0.000039374 0.000000630 0.001552896 -0.002576174 -0.000069725 0.000260794 -0.000054875 -0.000439884 -0.000097827 0.000177958 -0.000039374 -0.000054875 0.000091070 0.000244213 -0.000064087 0.000097829 0.000000630 -0.000439884 0.000244213 0.001094978 0.000000000 -0.000000000 0.001552896 -0.000097827 -0.000064087 0.000000000 0.002083978 -0.003181150 -0.002576174 0.000177958 0.000097829 -0.000000000 -0.003181150 0.005786838 
frame00022.jpg 0.708770478 -0.155746060 0.608186309  0.106664298 0.202515023 0.918756445  0.068729546 0.465959183 -0.882132807 0.997635329 -0.032101072 0.060772294 0.000000000 -0.884223705 -0.467063635  0.004157342 -0.000481958 -0.000301600 0.000001960 0.002925501 -0.004692329 -0.000481958 0.001211408 -0.000206865 -0.001061142 -0.000340548 0.000615138 -0.000301600 -0.000206865 0.000143570 0.000304043 -0.000224264 0.000340547 0.000001960 -0.001061142 0.000304043 0.001098198 -0.000000000 0.000000000 0.002925501 -0.000340548 -0.000224264 -0.000000000 0.002102483 -0.003192663 -0.004692329 0.000615138 0.000340547 0.000000000 -0.003192663 0.005766996 
frame00023.jpg 0.907555056 -0.247283704 0.685875019  0.174671996 0.207802295 1.132050286  0.079153157 0.439748763 -0.894626069 0.996862467 -0.034917056 0.071035353 0.000000000 -0.897441822 -0.441132832  0.005572807 -0.000922008 -0.000582643 0.000002392 0.003400560 -0.005406628 -0.000922008 0.001815393 -0.000207899 -0.001274990 -0.000558319 0.001006351 -0.000582643 -0.000207899 0.000188016 0.000306868 -0.000368525 0.000558318 0.000002392 -0.001274990 0.000306868 0.001083170 0.000000000 -0.000000000 0.003400560 -0.000558319 -0.000368525 0.000000000 0.002109789 -0.003196356 -0.005406628 0.001006351 0.000558318 -0.000000000 -0.003196356 0.005761333 
frame00024.jpg 0.910726828 -0.247208433 0.685117659  0.159056535 0.164141415 1.143538450  0.095550941 0.470463409 -0.877230984 0.995424541 -0.045159848 0.084205525 0.000000000 -0.881263167 -0.472625889  0.005174923 -0.000803227 -0.000509180 0.000002390 0.003276289 -0.005186577 -0.000803227 0.001825530 -0.000174180 -0.001301432 -0.000507473 0.000917592 -0.000509180 -0.000174180 0.000155115 0.000261989 -0.000334572 0.000507472 0.000002390 -0.001301432 0.000261989 0.001094184 -0.000000000 -0.000000000 0.003276289 -0.000507473 -0.000334572 -0.000000000 0.002103479 -0.003190523 -0.005186577 0.000917592 0.000507472 -0.000000000 -0.003190523 0.005768992 
frame00025.jpg 0.910806511 -0.246905641 0.685107045  0.144182749 0.162374262 1.145752370  0.111104000 0.470169487 -0.875554998 0.993808785 -0.052563140 0.097883682 0.000000000 -0.881009518 -0.473098541  0.005171145 -0.000726570 -0.000461039 0.000001869 0.003275760 -0.005183054 -0.000726570 0.001813831 -0.000188565 -0.001311425 -0.000459964 0.000831830 -0.000461039 -0.000188565 0.000145179 0.000261456 -0.000303349 0.000459962 0.000001869 -0.001311425 0.000261456 0.001100419 -0.000000000 -0.000000000 0.003275760 -0.000459964 -0.000303349 -0.000000000 0.002103927 -0.003190144 -0.005183054 0.000831830 0.000459962 -0.000000000 -0.003190144 0.005769269 
frame00026.jpg 0.906955791 -0.248265500 0.686017186  0.215856885 0.218804246 1.122655180  0.035560274 0.435357975 -0.899554835 0.999367533 -0.015491246 0.032008660 0.000000000 -0.900124133 -0.435633498  0.005627967 -0.001152259 -0.000726409 0.000002534 0.003415296 -0.005441903 -0.001152259 0.001881243 -0.000170264 -0.001264321 -0.000690398 0.001243240 -0.000726409 -0.000170264 0.000225767 0.000317863 -0.000455192 0.000690394 0.000002534 -0.001264321 0.000317863 0.001082177 0.000000000 -0.000000000 0.003415296 -0.000690398 -0.000455192 0.000000000 0.002108774 -0.003198407 -0.005441903 0.001243240 0.000690394 -0.000000000 -0.003198407 0.005759573 
frame00027.jpg 0.904296282 -0.250050311 0.686767200  0.282678035 0.261683151 1.097060239  -0.036262654 0.407991297 -0.912265379 0.999342294 0.014804584 -0.033102936 0.000000000 -0.912865776 -0.408259812  0.005929988 -0.001563282 -0.000979166 0.000003112 0.003500781 -0.005613471 -0.001563282 0.001957210 -0.000096564 -0.001190589 -0.000906267 0.001626107 -0.000979166 -0.000096564 0.000317127 0.000350738 -0.000596052 0.000906267 0.000003112 -0.001190589 0.000350738 0.001042214 -0.000000000 -0.000000000 0.003500781 -0.000906267 -0.000596052 -0.000000000 0.002108596 -0.003206016 -0.005613471 0.001626107 0.000906267 -0.000000000 -0.003206016 0.005752527 
frame00028.jpg 0.908123161 -0.249711684 0.685713778  0.274435555 0.210029891 1.112573394  -0.027327938 0.447343612 -0.893944560 0.999626522 0.012229546 -0.024438789 0.000000000 -0.894278553 -0.447510748  0.005454439 -0.001448136 -0.000909997 0.000003110 0.003356441 -0.005360391 -0.001448136 0.001979858 -0.000056250 -0.001220646 -0.000877972 0.001580966 -0.000909997 -0.000056250 0.000277269 0.000300100 -0.000576438 0.000877972 0.000003110 -0.001220646 0.000300100 0.001053653 0.000000000 0.000000000 0.003356441 -0.000877972 -0.000576438 0.000000000 0.002100455 -0.003199201 -0.005360391 0.001580966 0.000877972 0.000000000 -0.003199201 0.005760807 
frame00029.jpg 0.923252285 -0.248975146 0.683232588  0.232739863 0.003761295 1.151958412  0.017543382 0.590379229 -0.806935311 0.999846103 -0.010358842 0.014158553 -0.000000000 -0.807059515 -0.590470100  0.003650175 -0.000975100 -0.000623313 0.000002809 0.002736457 -0.004276033 -0.000975100 0.001949050 0.000130396 -0.001271616 -0.000739805 0.001349554 -0.000623313 0.000130396 0.000166631 0.000083504 -0.000480921 0.000739806 0.000002809 -0.001271616 0.000083504 0.001060135 0.000000000 -0.000000000 0.002736457 -0.000739805 -0.000480921 0.000000000 0.002066358 -0.003178691 -0.004276033 0.001349554 0.000739806 -0.000000000 -0.003178691 0.005798560 
frame00030.jpg 0.925355719 -0.248733858 0.683091831  0.181463894 -0.030859963 1.162275659  0.071998724 0.607203471 -0.791277529 0.997404724 -0.043831630 0.057119212 -0.000000000 -0.793336456 -0.608783432  0.003410960 -0.000726716 -0.000467273 0.000001574 0.002644956 -0.004103271 -0.000726716 0.001841007 0.000106412 -0.001277650 -0.000576060 0.001053576 -0.000467273 0.000106412 0.000120262 0.000046268 -0.000374580 0.000576055 0.000001574 -0.001277650 0.000046268 0.001055577 -0.000000000 -0.000000000 0.002644956 -0.000576060 -0.000374580 -0.000000000 0.002064221 -0.003174523 -0.004103271 0.001053576 0.000576055 -0.000000000 -0.003174523 0.005806007 
frame00036.jpg 5.426059705 -0.817323360 0.850395550  1.059082175 -1.249447179 5.305708311  -0.044705733 0.377893980 -0.924768910 0.999000199 0.016910935 -0.041383847 0.000000000 -0.925694421 -0.378272177  0.028326042 -0.011012969 -0.007954545 0.000013210 0.007567665 -0.010444982 -0.011012969 0.036261110 0.010220759 -0.005517347 -0.003400358 0.006086650 -0.007954545 0.010220759 0.003917957 -0.001195537 -0.002241615 0.003400359 0.000013210 -0.005517347 -0.001195537 0.001036311 0.000000000 0.000000000 0.007567665 -0.003400358 -0.002241615 0.000000000 0.002116562 -0.003210662 -0.010444982 0.006086650 0.003400359 0.000000000 -0.003210662 0.005747094 
frame00037.jpg 5.506571800 -0.722694297 0.846626334  -0.111114489 -2.280368815 5.133124567  0.149937048 0.533002879 -0.832722530 0.988695545 -0.080830625 0.126283525 -0.000000000 -0.842243635 -0.539097078  0.011385326 0.000423498 0.000424849 -0.000001138 0.003781181 -0.003737184 0.000423498 0.028652025 0.012222231 -0.005487866 0.000353648 -0.000642802 0.000424849 0.012222231 0.005272180 -0.002322648 0.000231478 -0.000353647 -0.000001138 -0.005487866 -0.002322648 0.001062339 0.000000000 -0.000000000 0.003781181 0.000353648 0.000231478 0.000000000 0.002083254 -0.003182755 -0.003737184 -0.000642802 -0.000353647 -0.000000000 -0.003182755 0.005785073 
frame00038.jpg 5.408668778 -0.604986009 0.807904487  -0.032502248 -2.129437452 5.073150443  0.117094693 0.514669427 -0.849355175 0.993120754 -0.060682508 0.100143898 -0.000000000 -0.855238571 -0.518234490  0.012180998 0.000153674 0.000142076 -0.000000292 0.004155555 -0.004447473 0.000153674 0.027852621 0.011195884 -0.005407081 0.000103552 -0.000187843 0.000142076 0.011195884 0.004552815 -0.002156266 0.000067875 -0.000103554 -0.000000292 -0.005407081 -0.002156266 0.001059154 -0.000000000 -0.000000000 0.004155555 0.000103552 0.000067875 -0.000000000 0.002088197 -0.003185880 -0.004447473 -0.000187843 -0.000103554 -0.000000000 -0.003185880 0.005779262 
frame00039.jpg 4.910963565 -0.454515776 0.766101449  -0.263977150 -1.871976822 4.619207507  0.145321383 0.508128621 -0.848932860 0.989384503 -0.074634233 0.124691762 -0.000000000 -0.858041395 -0.513580533  0.010776857 0.001193347 0.001064329 -0.000002729 0.004031822 -0.004494698 0.001193347 0.023650774 0.009197462 -0.004948507 0.000841183 -0.001525263 0.001064329 0.009197462 0.003658059 -0.001893555 0.000551530 -0.000841181 -0.000002729 -0.004948507 -0.001893555 0.001063570 -0.000000000 0.000000000 0.004031822 0.000841183 0.000551530 -0.000000000 0.002089311 -0.003186578 -0.004494698 -0.001525263 -0.000841181 0.000000000 -0.003186578 0.005778017 
frame00040.jpg 4.311724340 -0.065655200 0.740108661  -0.792838228 -1.512337202 4.028310061  0.198802811 0.497140783 -0.844587760 0.980039511 -0.100845919 0.171326175 -0.000000000 -0.861789500 -0.507266062  0.009471758 0.003714645 0.003123911 -0.000009809 0.003963540 -0.004686961 0.003714645 0.021425584 0.008306525 -0.004328209 0.002525734 -0.004580574 0.003123911 0.008306525 0.003592945 -0.001515904 0.001660166 -0.002525734 -0.000009809 -0.004328209 -0.001515904 0.001065146 0.000000000 0.000000000 0.003963540 0.002525734 0.001660166 0.000000000 0.002093953 -0.003185687 -0.004686961 -0.004580574 -0.002525734 0.000000000 -0.003185687 0.005777439 
frame00041.jpg 3.715469979 0.446058222 0.753335319  -0.868211489 -1.132059454 3.540600148  0.114408727 0.488038685 -0.865291214 0.993433764 -0.056204940 0.099651200 0.000000000 -0.871010474 -0.491264444  0.009318445 0.004639223 0.003589609 -0.000011095 0.004156509 -0.005348500 0.004639223 0.018191654 0.006515187 -0.003815002 0.002769010 -0.005011869 0.003589609 0.006515187 0.002838220 -0.001115570 0.001819596 -0.002769011 -0.000011095 -0.003815002 -0.001115570 0.001066458 0.000000000 -0.000000000 0.004156509 0.002769010 0.001819596 0.000000000 0.002095795 -0.003189325 -0.005348500 -0.005011869 -0.002769011 -0.000000000 -0.003189325 0.005772635 
frame00042.jpg 3.191040011 1.023082545 0.706702484  -2.082462639 -0.568486964 2.658765611  0.352574245 0.426795867 -0.832788502 0.935783844 -0.160803407 0.313768804 0.000000000 -0.889936825 -0.456083817  0.008524811 0.012039518 0.008583476 -0.000026291 0.004146062 -0.005798366 0.012039518 0.032876315 0.015322320 -0.002854125 0.006646020 -0.012007439 0.008583476 0.015322320 0.009472049 -0.000514327 0.004396076 -0.006646020 -0.000026291 -0.002854125 -0.000514327 0.001058165 0.000000000 0.000000000 0.004146062 0.006646020 0.004396076 0.000000000 0.002110998 -0.003191423 -0.005798366 -0.012007439 -0.006646020 0.000000000 -0.003191423 0.005765981 
frame00043.jpg 2.629562082 1.365302984 0.707788725  -2.074952035 -0.458259724 2.182701523  0.292596278 0.483311710 -0.825104363 0.956236068 -0.147887339 0.252471616 -0.000000000 -0.862866807 -0.505431374  0.005995432 0.010131700 0.007134273 -0.000025865 0.003458673 -0.004897580 0.010131700 0.030277948 0.014690673 -0.002365511 0.006610285 -0.011987155 0.007134273 0.014690673 0.009231818 -0.000401655 0.004346533 -0.006610281 -0.000025865 -0.002365511 -0.000401655 0.001063433 0.000000000 0.000000000 0.003458673 0.006610285 0.004346533 0.000000000 0.002094765 -0.003185755 -0.004897580 -0.011987155 -0.006610281 0.000000000 -0.003185755 0.005777079 
frame00044.jpg 2.064731578 1.549976884 0.742227700  -1.289860621 -0.480289449 2.306952191  -0.120509736 0.498158936 -0.858670530 0.992712145 0.060473725 -0.104237829 -0.000000000 -0.864974337 -0.501816098  0.006488341 0.006677462 0.004639806 -0.000015938 0.003615448 -0.005188266 0.006677462 0.015633296 0.006395290 -0.002504046 0.004120006 -0.007444535 0.004639806 0.006395290 0.003689727 -0.000426308 0.002685675 -0.004120005 -0.000015938 -0.002504046 -0.000426308 0.001066351 -0.000000000 -0.000000000 0.003615448 0.004120006 0.002685675 -0.000000000 0.002082143 -0.003194148 -0.005188266 -0.007444535 -0.004120005 -0.000000000 -0.003194148 0.005771583 
frame00045.jpg 1.525069379 1.693364428 0.751141822  -0.881753527 -0.167472551 2.225308382  -0.426255279 0.367550137 -0.826567199 0.904602917 0.173192219 -0.389484298 0.000000000 -0.913734837 -0.406311023  0.009545015 0.005969912 0.003906491 -0.000010971 0.004452024 -0.006786226 0.005969912 0.010018418 0.002783406 -0.002371260 0.002836111 -0.005068024 0.003906491 0.002783406 0.001673020 -0.000091354 0.001839630 -0.002836109 -0.000010971 -0.002371260 -0.000091354 0.001047623 0.000000000 0.000000000 0.004452024 0.002836111 0.001839630 0.000000000 0.002086331 -0.003216440 -0.006786226 -0.005068024 -0.002836109 0.000000000 -0.003216440 0.005747657 
frame00046.jpg 0.909067046 1.868279630 0.721558837  -1.117427436 -0.113054538 1.891056166  -0.522769495 0.371153576 -0.767435390 0.852474079 0.227605475 -0.470620540 0.000000000 -0.900244839 -0.435384002  0.007407906 0.006711048 0.004339844 -0.000014308 0.003904669 -0.006021996 0.006711048 0.011281148 0.004149948 -0.002040834 0.003593137 -0.006426607 0.004339844 0.004149948 0.002628047 -0.000036219 0.002316966 -0.003593138 -0.000014308 -0.002040834 -0.000036219 0.001056207 0.000000000 -0.000000000 0.003904669 0.003593137 0.002316966 0.000000000 0.002073483 -0.003215545 -0.006021996 -0.006426607 -0.003593138 -0.000000000 -0.003215545 0.005751251 
frame00047.jpg 0.245577456 2.037511355 0.730229910  -1.735582742 0.280750387 1.286051436  -0.428635273 0.329339446 -0.841312862 0.903477616 0.156247925 -0.399142560 0.000000000 -0.931193919 -0.364524189  0.007643218 0.010979578 0.006819529 -0.000021994 0.003948165 -0.006347447 0.010979578 0.019259394 0.009265867 -0.001369310 0.005593264 -0.009963795 0.006819529 0.009265867 0.006466996 0.000367716 0.003636303 -0.005593260 -0.000021994 -0.001369310 0.000367716 0.001030782 -0.000000000 -0.000000000 0.003948165 0.005593264 0.003636303 -0.000000000 0.002095148 -0.003222699 -0.006347447 -0.009963795 -0.005593260 -0.000000000 -0.003222699 0.005740890 
frame00048.jpg -0.489140545 2.266027024 0.679946552  -2.299323712 0.741332961 0.000410367  -0.084731892 0.397512930 -0.913676079 0.996403787 0.033803588 -0.077696918 0.000000000 -0.916973712 -0.398947631  0.004272135 0.011122768 0.006252763 -0.000028510 0.002727689 -0.004855369 0.011122768 0.030505325 0.016945004 -0.000053555 0.007375743 -0.013222582 0.006252763 0.016945004 0.011868192 0.000851361 0.004852126 -0.007375741 -0.000028510 -0.000053555 0.000851361 0.001049654 0.000000000 0.000000000 0.002727689 0.007375743 0.004852126 0.000000000 0.002110242 -0.003207789 -0.004855369 -0.013222582 -0.007375741 0.000000000 -0.003207789 0.005750642 
frame00049.jpg -1.109505638 2.455334771 0.646063545  -2.631635440 0.833343500 -0.238962804  -0.206683678 0.426149293 -0.880726199 0.978407817 0.090021872 -0.186048933 0.000000000 -0.900162676 -0.435553851  0.003947472 0.012116874 0.006606573 -0.000032980 0.002517598 -0.004622445 0.012116874 0.039997308 0.022401888 0.000197828 0.008433796 -0.015148960 0.006606573 0.022401888 0.015397263 0.000955301 0.005515020 -0.008433795 -0.000032980 0.000197828 0.000955301 0.001059110 -0.000000000 -0.000000000 0.002517598 0.008433796 0.005515020 -0.000000000 0.002095663 -0.003204774 -0.004622445 -0.015148960 -0.008433795 -0.000000000 -0.003204774 0.005756482 
frame00050.jpg -1.663353529 2.459436878 0.712549856  -2.853180855 0.297956220 1.045888673  -0.767548691 0.271246472 -0.580770487 0.640990645 0.324801736 -0.695438584 0.000000000 -0.906051424 -0.423167598  0.006182201 0.016133215 0.009837292 -0.000036236 0.003465524 -0.005674649 0.016133215 0.048164991 0.025849509 -0.001151718 0.009195921 -0.016395491 0.009837292 0.025849509 0.016967452 0.000393097 0.005887412 -0.009195916 -0.000036236 -0.001151718 0.000393097 0.001055153 -0.000000000 -0.000000000 0.003465524 0.009195921 0.005887412 -0.000000000 0.002063456 -0.003223041 -0.005674649 -0.016395491 -0.009195916 -0.000000000 -0.003223041 0.005746390 
frame00051.jpg -2.195807128 2.413237463 0.717372510  -2.929556957 0.216551861 1.590820115  -0.929885364 0.118474237 -0.348248568 0.367849439 0.299490627 -0.880336387 0.000000000 -0.946714962 -0.322072633  0.009462361 0.020373099 0.012702615 -0.000036761 0.004359633 -0.006983010 0.020373099 0.052052450 0.027349485 -0.001646602 0.009484543 -0.016792230 0.012702615 0.027349485 0.017967292 0.000297114 0.006094525 -0.009484544 -0.000036761 -0.001646602 0.000297114 0.001010359 0.000000000 -0.000000000 0.004359633 0.009484543 0.006094525 0.000000000 0.002080357 -0.003237536 -0.006983010 -0.016792230 -0.009484544 -0.000000000 -0.003237536 0.005732004 
frame00052.jpg -2.619823752 2.395049278 0.762541154  -2.904952432 -0.155242261 2.172178113  -0.991767101 0.053275734 -0.116446185 0.128054745 0.412613524 -0.901860334 0.000000000 -0.909346895 -0.416038729  0.009398231 0.019372767 0.012551708 -0.000036611 0.004347659 -0.006695336 0.019372767 0.053818460 0.027424811 -0.002324461 0.009356138 -0.016693959 0.012551708 0.027424811 0.017530926 -0.000079031 0.006018411 -0.009356139 -0.000036611 -0.002324461 -0.000079031 0.001051537 0.000000000 0.000000000 0.004347659 0.009356138 0.006018411 0.000000000 0.002071777 -0.003220755 -0.006695336 -0.016693959 -0.009356139 0.000000000 -0.003220755 0.005746725 
frame00053.jpg -2.774692722 2.377909125 0.704812465  -2.023487096 -0.749398695 3.032166501  -0.962315055 -0.123134703 0.242461500 -0.271937004 0.435742017 -0.858008834 0.000000000 -0.891609073 -0.452805986  0.009225577 0.012091449 0.008557624 -0.000025338 0.004259740 -0.005999581 0.012091449 0.033771300 0.015396013 -0.003255739 0.006488613 -0.011650745 0.008557624 0.015396013 0.009066081 -0.000705996 0.004214740 -0.006488617 -0.000025338 -0.003255739 -0.000705996 0.001061040 -0.000000000 -0.000000000 0.004259740 0.006488613 0.004214740 -0.000000000 0.002082909 -0.003206649 -0.005999581 -0.011650745 -0.006488617 -0.000000000 -0.003206649 0.005757756 
frame00054.jpg -2.742945856 2.377778047 0.672741122  -1.539930625 -1.250663774 3.113617642  -0.913700580 -0.224004742 0.339076873 -0.406388054 0.503639959 -0.762361818 -0.000000000 -0.834367226 -0.551208974  0.005032400 0.005055129 0.004251193 -0.000019394 0.002786168 -0.003295067 0.005055129 0.024440741 0.011569001 -0.003352050 0.004913433 -0.008904184 0.004251193 0.011569001 0.006419966 -0.001239664 0.003180986 -0.004913426 -0.000019394 -0.003352050 -0.001239664 0.001062546 -0.000000000 0.000000000 0.002786168 0.004913433 0.003180986 -0.000000000 0.002065669 -0.003190683 -0.003295067 -0.008904184 -0.004913426 0.000000000 -0.003190683 0.005782196 
frame00055.jpg -2.813872379 2.353157290 0.691346140  -2.378038952 -0.603379784 2.813192147  -0.985756333 -0.073748886 0.151147455 -0.168179819 0.432266084 -0.885924140 0.000000000 -0.898725283 -0.438512104  0.009171613 0.014571912 0.010086060 -0.000030052 0.004271032 -0.006149772 0.014571912 0.041365258 0.019818047 -0.003028232 0.007633629 -0.013683917 0.010086060 0.019818047 0.012128867 -0.000552729 0.004954047 -0.007633621 -0.000030052 -0.003028232 -0.000552729 0.001062165 -0.000000000 -0.000000000 0.004271032 0.007633629 0.004954047 -0.000000000 0.002083250 -0.003210051 -0.006149772 -0.013683917 -0.007633621 -0.000000000 -0.003210051 0.005754285 
frame00056.jpg -2.925012755 2.407786306 0.682306522  -3.195910560 -0.371646848 2.113459490  -0.992590122 0.058004057 -0.106772557 0.121510697 0.473820459 -0.872197984 0.000000000 -0.878709111 -0.477357621  0.006332480 0.016704808 0.011097130 -0.000040059 0.003495924 -0.005247307 0.016704808 0.063870034 0.033572981 -0.002281587 0.010275055 -0.018396956 0.011097130 0.033572981 0.021131948 -0.000308973 0.006570008 -0.010275052 -0.000040059 -0.002281587 -0.000308973 0.001058944 0.000000000 0.000000000 0.003495924 0.010275055 0.006570008 0.000000000 0.002055755 -0.003215063 -0.005247307 -0.018396956 -0.010275052 0.000000000 -0.003215063 0.005756404 
frame00058.jpg -3.014676651 2.418591610 0.682623808  -3.448854764 -0.021826036 1.873168543  -0.978480273 0.077423571 -0.191264075 0.206340388 0.367147885 -0.906987362 0.000000000 -0.926934745 -0.375222572  0.008725815 0.022373466 0.014276154 -0.000043213 0.004162917 -0.006513885 0.022373466 0.072236934 0.038348692 -0.001982492 0.011135079 -0.019794663 0.014276154 0.038348692 0.024707169 0.000058677 0.007153578 -0.011135080 -0.000043213 -0.001982492 0.000058677 0.001036677 0.000000000 0.000000000 0.004162917 0.011135079 0.007153578 0.000000000 0.002074189 -0.003228631 -0.006513885 -0.019794663 -0.011135080 0.000000000 -0.003228631 0.005739487 
frame00059.jpg -3.378995333 2.469921021 0.673293856  -4.178642862 0.495313395 0.514832406  -0.839680709 0.242938061 -0.485713295 0.543080387 0.375617327 -0.750982901 0.000000000 -0.894367219 -0.447333519  0.005149807 0.021215877 0.012483093 -0.000052618 0.003001260 -0.005097747 0.021215877 0.100853825 0.055925758 -0.000597828 0.013456969 -0.024027907 0.012483093 0.055925758 0.036299131 0.000602202 0.008600205 -0.013456968 -0.000052618 -0.000597828 0.000602202 0.001061304 0.000000000 -0.000000000 0.003001260 0.013456969 0.008600205 0.000000000 0.002058134 -0.003220417 -0.005097747 -0.024027907 -0.013456968 -0.000000000 -0.003220417 0.005750171 
frame00060.jpg -3.806322330 2.550501511 0.692722311  -4.548528566 0.861943619 -0.202368270  -0.757715541 0.278953883 -0.589959228 0.652584982 0.323892976 -0.685000862 0.000000000 -0.904034331 -0.427459856  0.004803910 0.022151668 0.012274335 -0.000056733 0.002707496 -0.004892912 0.022151668 0.119026367 0.066848148 0.000158605 0.014658861 -0.026140157 0.012274335 0.066848148 0.043586366 0.000973437 0.009379395 -0.014658863 -0.000056733 0.000158605 0.000973437 0.001046228 -0.000000000 -0.000000000 0.002707496 0.014658861 0.009379395 -0.000000000 0.002062073 -0.003222771 -0.004892912 -0.026140157 -0.014658863 -0.000000000 -0.003222771 0.005746949 
frame00061.jpg -4.334050249 2.507910077 0.669987236  -4.831009219 1.172125716 -0.899977024  -0.703308373 0.306290368 -0.641516595 0.710884893 0.303025965 -0.634679394 0.000000000 -0.902419789 -0.430857894  0.004322619 0.021301367 0.010915371 -0.000060752 0.002264456 -0.004430304 0.021301367 0.134992595 0.076292511 0.000887037 0.015560464 -0.027769411 0.010915371 0.076292511 0.049808101 0.001299223 0.009972874 -0.015560469 -0.000060752 0.000887037 0.001299223 0.001049853 -0.000000000 -0.000000000 0.002264456 0.015560464 0.009972874 -0.000000000 0.002064346 -0.003220956 -0.004430304 -0.027769411 -0.015560469 -0.000000000 -0.003220956 0.005748161 
frame00062.jpg -5.005921681 2.446402403 0.647717377  -5.450258218 1.100024958 -0.740476088  -0.787681606 0.277913351 -0.549838028 0.616082533 0.355321281 -0.702985846 0.000000000 -0.892474625 -0.451097599  0.004603971 0.024587425 0.012850993 -0.000068253 0.002364568 -0.004533624 0.024587425 0.171422018 0.096513353 0.000725137 0.017548598 -0.031343919 0.012850993 0.096513353 0.062585112 0.001231840 0.011215524 -0.017548596 -0.000068253 0.000725137 0.001231840 0.001056090 -0.000000000 -0.000000000 0.002364568 0.017548598 0.011215524 -0.000000000 0.002057797 -0.003219773 -0.004533624 -0.031343919 -0.017548596 -0.000000000 -0.003219773 0.005750904 
frame00063.jpg -5.556026721 2.118881201 0.676216245  -5.722091069 -0.051657262 1.752530799  -0.996057329 0.036611377 -0.080804732 0.088711880 0.411072680 -0.907275842 0.000000000 -0.910867092 -0.412699820  0.008032008 0.033860747 0.021687170 -0.000072216 0.003813256 -0.005939739 0.033860747 0.191679360 0.105473417 -0.001883900 0.018431726 -0.032880293 0.021687170 0.105473417 0.067894941 0.000027947 0.011859269 -0.018431737 -0.000072216 -0.001883900 0.000027947 0.001049754 -0.000000000 -0.000000000 0.003813256 0.018431726 0.011859269 -0.000000000 0.002072541 -0.003221153 -0.005939739 -0.032880293 -0.018431737 -0.000000000 -0.003221153 0.005746205 
frame00064.jpg -5.707036986 1.730514847 0.646656686  -3.243559290 -2.168675164 4.556236257  -0.763992177 -0.349678048 0.542255675 -0.645225506 0.414043293 -0.642068686 -0.000000000 -0.840412645 -0.541947032  0.008499608 0.008248996 0.009389231 -0.000040925 0.002926263 -0.002547684 0.008248996 0.083578783 0.043816494 -0.004902973 0.010324316 -0.018765454 0.009389231 0.043816494 0.026639673 -0.002217933 0.006751502 -0.010324319 -0.000040925 -0.004902973 -0.002217933 0.001067418 -0.000000000 0.000000000 0.002926263 0.010324316 0.006751502 -0.000000000 0.002081510 -0.003183021 -0.002547684 -0.018765454 -0.010324319 0.000000000 -0.003183021 0.005785451 
frame00065.jpg -5.785837929 1.435591277 0.620800572  -0.655209040 -2.921819133 5.191908153  -0.346036483 -0.542832963 0.765239262 -0.938221057 0.200208690 -0.282237006 -0.000000000 -0.815627890 -0.578576827  0.009438578 0.000078709 0.001194733 -0.000008358 0.001860962 -0.000126255 0.000078709 0.031682362 0.017207708 -0.005549311 0.002079558 -0.003799762 0.001194733 0.017207708 0.009548305 -0.002999901 0.001361675 -0.002079562 -0.000008358 -0.005549311 -0.002999901 0.001060951 -0.000000000 -0.000000000 0.001860962 0.002079558 0.001361675 -0.000000000 0.002078228 -0.003173889 -0.000126255 -0.003799762 -0.002079562 -0.000000000 -0.003173889 0.005799319 
frame00066.jpg -5.874943410 1.417286171 0.661422040  0.252682802 -1.752759365 5.815937180  -0.193664999 -0.383689292 0.902926573 -0.981067718 0.075741139 -0.178239759 0.000000000 -0.920350915 -0.391093586  0.026283065 -0.002314618 -0.001780915 0.000003237 0.007090107 -0.009142965 -0.002314618 0.036295906 0.010544331 -0.006084755 -0.000809540 0.001453277 -0.001780915 0.010544331 0.003185323 -0.001725562 -0.000536836 0.000809543 0.000003237 -0.006084755 -0.001725562 0.001042699 -0.000000000 -0.000000000 0.007090107 -0.000809540 -0.000536836 -0.000000000 0.002124548 -0.003203801 -0.009142965 0.001453277 0.000809543 -0.000000000 -0.003203801 0.005751427 
